LEVEL_3_CO	LEVEL_NAME	CONTINENT	FruitSize	Frugivore	BodySize	Soil	THREEREALM	REALM_LONG	X_COORD	Y_COORD	PREC_Sum	PREC_CV	P_drie_quart	Tmean_mean	T_cold_quart	Temp_SD	Tmin_cold_month	NPP_mean	ensLGM_Pmean	ensLGM_Tmean	ensLGM_Pano	NPP_Mean
ANG	Angola	AFRICA	4.969230769	1	70027.92735	67.4325	OWWest	Afrotropics	1695227.757	-1554985.049	1020.4399	91.6658	4.4508	215.954125	187.6758	1862.7209	94.8465	7658.6	891.8901	190.8707	127.7702	70027.92735
BEN	Benin	AFRICA	6	1	88484.2333	56.11117	OWWest	Afrotropics	226035.1343	1223871.065	1062.9793	91.2453	14.4188	271.7743083	252.1247	1676.9091	184.7247	4939.25	1334.3163	246.0522	-270.9685	88484.2333
BKN	Burkina	AFRICA	10.1	1	137866.8392	55.55133	OWWest	Afrotropics	-168178.3106	1553710.855	763.9194	115.0352	3.5336	280.6313833	256.1678	2203.4683	167.2738	1851.89	1014.2462	257.9538	-250.422	137866.8392
BOT	Botswana	AFRICA	4.2	1	71006.45264	75.84473	OWWest	Afrotropics	2298318.81	-2755904.369	394.0371	91.4986	3.7219	208.1206917	146.4738	4307.9102	42.3307	3946.02	385.2087	179.0134	8.8438	171006.4526
BUR	Burundi	AFRICA	5.38	1	69048.80631	48.07817	OWWest	Afrotropics	2883672.738	-427886.1684	1192.3562	63.25	29.8631	197.2984417	190.9858	520.9893	123.4239	9834.47	787.056	176.2585	405.3903	9048.806306
CAB	Cabinda	AFRICA	4.764285714	1	62259.94655	56.79393	OWWest	Afrotropics	1202446.623	-642282.6399	1075.2412	81.0192	2.0132	247.1266833	218.7115	1836.748	174.9837	9717.6	920.9532	225.0621	153.3233	108259.9465
CAF	Central African Republic	AFRICA	4.889130435	1	74967.77511	56.04268	OWWest	Afrotropics	1975999.955	835549.46	1367.7963	76.4573	37.0247	248.9581833	236.5965	1114.2441	148.0143	6444.24	1131.9376	226.2045	235.8503	74967.77511
CHA	Chad	AFRICA	7.5625	1	131610.6689	57.27222	OWWest	Afrotropics	1800414.64	1924041.121	315.2694	141.4725	0.1647	269.2257917	219.4226	3651.8545	126.3779	1252.7	383.9903	243.3946	-68.7486	191610.6689
CMN	Cameroon	AFRICA	4.202777778	1	75085.68017	48.27737	OWWest	Afrotropics	1229275.222	722010.4055	1642.0809	73.4021	70.4897	242.7996	230.7501	1047.8479	170.8883	8666.36	1763.2546	214.914	-120.1338	55085.68017
COM	Comoros	AFRICA	3.428571429	1	58792.4	37.98145	OWWest	Afrotropics	4243312.064	-1530484.442	1938.6474	61.5975	184.2476	230.263275	211.9534	1274.8484	173.1871	17538.1	1983.4811	212.5858	-78.3049	68792.4
CON	Congo	AFRICA	4.166666667	1	68909.58064	52.9394	OWWest	Afrotropics	1469000.894	-106924.5384	1654.9675	51.5673	121.9804	244.9833667	233.3181	822.4451	181.9618	11197.5	1319.0582	218.9244	335.8439	58909.58064
CPP	South Africa	AFRICA	4.133333333	1	79298.85105	58.78635	OWWest	Afrotropics	2173178.984	-3751547.193	352.0818	52.2747	37.588	168.20745	107.2773	4536.7422	24.1386	3084.42	300.5871	141.2475	51.7322	120298.8511
CPV	Caprivi Strip	AFRICA	4.2	1	23013.98198	77.48788	OWWest	Afrotropics	2244035.468	-2249977.403	598.7307	109.5888	0.6899	218.380925	165.7727	3547.1099	57.4418	5845.79	615.5049	185.3916	-16.7246	235013.982
DJI	Djibouti	AFRICA	3.1	1	41498.24767	38.3168	OWWest	Afrotropics	4108159.536	1488623.804	172.2284	55.4232	22.456	280.4073917	235.2235	3628.8394	187.4578	1389.02	241.0686	247.328	-69.2467	11498.24767
EQG	Equatorial Guinea	AFRICA	2.8375	1	49153.77019	48.77148	OWWest	Afrotropics	1010789.527	199990.807	2211.0601	57.3405	177.7561	232.2347833	221.1411	757.8147	177.4492	10155.1	2162.748	209.2617	49.7579	69153.77019
ERI	Eritrea	AFRICA	3.95	1	77215.06046	47.20499	OWWest	Afrotropics	3749294.395	1935430.219	354.3161	94.1755	19.8283	261.6556167	230.1741	2410.2207	158.0974	1888.06	295.7959	218.097	57.6219	157215.0605
ETH	Ethiopia	AFRICA	6.98	1	120118.189	38.1735	OWWest	Afrotropics	3822845.317	1092749.337	795.2946	92.4321	32.8184	227.1784083	211.7769	1252.647	133.5608	5566.99	755.6603	194.0853	39.6157	120118.189
GAB	Gabon	AFRICA	3.413461538	1	67105.25975	47.14952	OWWest	Afrotropics	1138269.165	-75292.49016	1853.7448	64.3638	58.1333	244.9649083	229.1587	1014.0851	180.9413	10765.4	1581.1606	222.8628	274.2082	67105.25975
GAM	"Gambia, The"	AFRICA	5.608333333	1	114377.8729	51.3375	OWWest	Afrotropics	-1484515.656	1700904.366	798.0483	136.865	0.0008	272.1166	246.7194	1853.0884	149.7875	1880.15	1055.5454	244.8664	-256.9008	114377.8729
GGI	Gulf of Guinea Is.	AFRICA	4.916666667	1	69626.93575	35.03385	OWEast	Afrotropics	769517.011	301930.9089	2435.9354	57.0881	140.9997	217.0715167	206.4531	732.3149	170.6724	13745.6	2422.1001	199.0319	23.1459	29626.93575
GHA	Ghana	AFRICA	5.122222222	1	62436.54888	51.85224	OWWest	Afrotropics	-116471.2668	1010982.69	1246.2762	69.1825	60.2673	269.3486333	252.5171	1307.3276	199.9388	6648.68	2083.0042	244.4784	-836.4733	62436.54888
GNB	Guinea-Bissau	AFRICA	6.675	1	124062.0464	47.08287	OWWest	Afrotropics	-1446104.068	1521918.431	1687.2327	127.1105	0.154	266.0626083	247.2263	1495.403	162.0337	2725.91	2214.1035	240.3487	-514.5996	124062.0464
GUI	Guinea	AFRICA	4.765	1	46688.10164	45.14309	OWWest	Afrotropics	-1055443.092	1323716.925	1830.3448	96.4834	21.8685	256.71445	239.2947	1631.4009	142.8362	5143.85	3087.1934	231.8652	-1253.9552	76688.10164
IVO	Ivory Coast	AFRICA	5.621875	1	65228.50552	49.40569	OWWest	Afrotropics	-536022.0281	969853.0936	1333.6567	67.33	73.3798	262.619625	248.0739	1153.7	189.5189	7555.67	2752.6484	237.5909	-1418.812	65228.50552
KEN	Kenya	AFRICA	6.521428571	1	68885.88154	43.2213	OWWest	Afrotropics	3652765.448	67468.23558	604.4007	84.4218	46.7221	242.1682583	228.0666	1014.967	162.9872	4602.17	581.6641	212.9548	23.0198	68885.88154
LBR	Liberia	AFRICA	3.691666667	1	59232.60849	40.87027	OWWest	Afrotropics	-897973.8281	820589.6343	2687.0125	57.5724	211.3745	255.941175	245.2457	817.5859	188.8711	7418.94	6367.1284	231.0334	-3675.6206	69232.60849
MAU	Mauritius	AFRICA	3.0375	1	48003.33333	40.07345	OWWest	Afrotropics	5553251.863	-2523960.561	1840.3559	51.4411	207.2152	223.2663417	195.709	2137.469	157.8475	14932.6	2400.8918	209.9887	-580.5593	48003.33333
MDG	Madagascar	AFRICA	1.910316092	1	10653.02421	53.23347	OWWest	Afrotropics	4508285.791	-2414750.741	1381.5251	96.401	65.2073	228.6556167	196.8652	2183.6624	127.3934	7974.92	2137.9199	199.2807	-751.6213	1653.024209
MLI	Mali	AFRICA	10.75	1	164914.8658	59.8266	OWWest	Afrotropics	-342278.1856	2168979.32	309.8257	131.4095	0.3756	282.5522083	220.952	4479.521	126.1479	774.717	467.8293	255.6694	-158.0553	164914.8658
MLW	Malawi	AFRICA	6.83	1	100441.8162	52.93691	OWWest	Afrotropics	3309841.723	-1668702.999	1090.4947	105.3088	14.2785	220.4641667	187.115	2241.5664	120.2795	7752.35	1141.2926	181.5048	-50.7126	100441.8162
MOZ	Mozambique	AFRICA	6.83125	1	104711.3309	60.01182	OWWest	Afrotropics	3433578.679	-2153416.234	989.9086	95.8197	30.4026	239.403875	205.0442	2340.2329	135.1966	7058.38	1160.7853	199.2528	-170.6474	104711.3309
MTN	Mauritania	AFRICA	7	1	12126.92928	63.37307	OWWest	Afrotropics	-998007.82	2522330.882	91.0809	117.4535	0.6802	276.496425	207.5196	5027.0581	124.2525	9.40624	126.2056	248.6997	-35.1399	12126.92928
NAM	Namibia	AFRICA	4.2	1	128800.7016	67.03737	OWWest	Afrotropics	1646091.551	-2754871.901	275.4239	100.9501	2.3247	198.055175	147.4125	3572.4551	55.8004	2748.57	228.7553	173.3291	46.4889	178800.7016
NGA	Nigeria	AFRICA	4.925	1	87648.34084	53.91654	OWWest	Afrotropics	781598.6985	1215518.961	1173.0243	100.835	19.5762	264.0748333	242.0831	1878.1165	163.5546	4326.57	1527.8236	238.5762	-353.9321	87648.34084
NGR	Niger	AFRICA	7.75	1	136180.5003	70.63203	OWWest	Afrotropics	904156.1452	2182541.092	133.8012	144.301	0.0271	270.9845583	203.5357	4703.5664	111.7409	289.818	158.5296	249.2258	-24.7485	196180.5003
REU	RÚunion	AFRICA	1.958333333	1	7293.15	44.41148	OWWest	Afrotropics	5358671.39	-2635446.697	1556.0596	51.5992	173.1408	188.5728833	161.7018	2120.2588	131.1017	16216.3	2068.7881	176.1136	-522.4028	7293.15
ROD	Rodrigues	AFRICA	2.6	1	32253.8	48.01538	OWWest	Afrotropics	6118534.618	-2467357.527	1086.7084	45.3542	134.2361	237.998275	214.2569	1785.7361	182.4236	14143.5	1441.8671	224.8038	-355.5833	32253.8
RWA	Rwanda	AFRICA	6.0375	1	73719.12724	47.98571	OWWest	Afrotropics	2886604.389	-254820.1425	1148.2219	50.9904	72.0586	189.8135	186.8387	294.927	126.401	10129.8	744.3334	171.8828	403.7939	73719.12724
SEN	Senegal	AFRICA	6.89	1	109243.9379	59.6565	OWWest	Afrotropics	-1395786.365	1813184.952	668.2736	136.5029	0.4099	276.3872583	246.9189	2218.1555	152.1108	1064.85	896.2498	248.9842	-228.1522	139243.9379
SEY	Seychelles	AFRICA	9.066666667	1	13457	40.44531	OWWest	Afrotropics	5357112.431	-599117.3115	2236.7626	48.2802	233.3774	255.527875	247.9455	610.2607	228.8988	14634.1	2619.3455	238.1087	-403.4786	13457
SIE	Sierra Leone	AFRICA	4.6	1	75537.5967	41.26606	OWWest	Afrotropics	-1137772.452	1087865.645	2728.074	81.4272	54.9249	260.5988667	248.2048	1069.2091	185.4028	6824.24	6014.7173	235.6559	-3264.9805	75537.5967
SOM	Somalia	AFRICA	4.171428571	1	104625.0721	45.23281	OWWest	Afrotropics	4424060.471	768056.7507	269.1221	104.8832	8.3495	263.8726833	242.6047	1621.1226	177.8038	2114.53	249.8359	232.7738	18.9835	134625.0721
SUD	Sudan	AFRICA	6.25	1	93419.79448	51.26979	OWWest	Afrotropics	2898550.311	1729994.191	413.8888	126.7227	3.8345	267.837475	225.2011	3082.0916	136.6167	3140.65	345.0141	232.8687	68.8254	93419.79448
SWZ	Swaziland	AFRICA	1.9	1	61298.75168	50.91499	OWWest	Afrotropics	3039043.563	-3271232.412	858.1371	66.6082	44.9272	197.34155	155.8621	2897.8848	77.6046	8833.67	863.8727	167.7203	-5.8505	81298.75168
TAN	United Republic of Tanzania	AFRICA	5.694444444	1	60662.86456	50.94292	OWWest	Afrotropics	3359448.44	-795816.9062	979.3262	87.5919	21.8191	224.884475	206.6386	1270.0284	142.6593	7719.99	847.6539	195.1237	132.1674	60662.86456
TOG	Togo	AFRICA	6.711111111	1	86717.31244	53.9523	OWWest	Afrotropics	94229.06211	1084038.277	1190.3748	75.6446	35.5609	267.5333	249.2098	1391.4534	193.4132	5802.22	1645.9443	241.6546	-455.8537	86717.31244
UGA	Uganda	AFRICA	5.316666667	1	56839.81109	45.74518	OWWest	Afrotropics	3124806.59	163146.078	1195.655	46.7071	124.1569	224.6812583	215.1988	741.3419	155.8098	9114.88	755.0414	206.966	440.5867	56839.81109
ZAI	Democratic Republic of the Congo	AFRICA	5.0125	1	62288.67253	50.54233	OWWest	Afrotropics	2281986.481	-363434.0893	1595.195	51.0977	139.0588	239.2782833	230.0166	672.531	166.3274	10232.7	1152.0592	215.7222	443.1083	62288.67253
ZAM	Zambia	AFRICA	5.6	1	81671.62783	55.52504	OWWest	Afrotropics	2683695.261	-1696990.169	1018.87	109.5142	0.8057	212.2213167	174.6669	2544.7458	80.9248	7870.38	964.0432	184.0633	54.8353	81671.62783
ZIM	Zimbabwe	AFRICA	7.475	1	123172.1502	56.17904	OWWest	Afrotropics	2882186.901	-2378106.824	673.6836	104.4438	7.4277	204.722925	158.9119	3130.4409	68.4786	6320.49	716.7998	167.029	-43.0572	123172.1502
BIS	Bismarck Archipelago	ASIA-TROPICAL	2.547083333	1	30060.5435	30.14879	OWEast	Australasia	14533423.54	-628731.5466	3426.9629	26.1429	634.7924	246.50265	239.9489	431.2138	204.9019	10776.4	3238.0623	228.037	190.1968	26553.329
LSI	Lesser Sunda Is.	ASIA-TROPICAL	4.278571429	1	51367.71	37.49825	OWEast	Australasia	11876250.23	-1096890.867	1736.9007	72.8135	93.5781	244.4719833	232.3742	793.3922	180.8103	12842	1602.6456	225.8287	124.1233	51367.71
MOL	Maluku	ASIA-TROPICAL	2.423837209	1	4197.180142	39.11414	OWEast	Australasia	12349296.25	-180975.4479	2230.0856	29.8792	360.6084	250.3061083	243.1146	527.8225	211.2492	13565.6	1783.8713	231.965	441.4235	4197.180142
NSW	New South Wales	AUSTRALASIA	1.9875	1	6520.222925	56.21278	OWEast	Australasia	14185658.53	-3890210.766	574.2669	24.3348	105.1716	171.215975	100.3648	5405.5298	32.9251	4835.86	623.8718	140.0583	-47.6378	6520.222925
NTA	Northern Territory	AUSTRALASIA	2.267857143	1	14472.41415	62.38719	OWEast	Australasia	12867552.73	-2414297.181	553.5365	86.0508	16.7772	248.0838417	182.9047	4617.4204	95.0976	1824.48	545.4139	214.9345	10.5955	14472.41415
NWG	New Guinea	ASIA-TROPICAL	1.82906746	1	1730.728741	37.98023	OWEast	Australasia	13587216.28	-679375.3791	3045.2995	25.4392	552.9183	240.158625	231.3531	584.7695	189.8732	10201.8	2736.7778	215.0406	306.7797	1730.728741
QLD	Queensland	AUSTRALASIA	2.0125	1	10251.38624	54.23993	OWEast	Australasia	13942878.19	-2787804.733	631.2155	73.5945	44.1535	228.5472167	163.6285	4652.4341	83.1586	3308.45	679.7714	193.248	-46.7858	10251.38624
SUL	Sulawesi	ASIA-TROPICAL	2.486774194	1	19036.09319	37.08924	OWEast	Australasia	11703308.66	-267924.9821	2136.3988	31.834	318.8135	240.1116333	233.5668	457.848	191.1817	11559.4	1760.6176	217.3171	376.0712	16676.535
VIC	Victoria	AUSTRALASIA	4	1	6519.069923	51.65213	OWEast	Australasia	13922646	-4389264.996	703.0347	24.0128	119.2821	137.8820583	82.4269	4348.9756	31.2298	7866.83	740.483	111.5833	-36.6365	6519.069923
WAU	Western Australia	AUSTRALASIA	1.891666667	1	9647.904767	66.49033	OWEast	Australasia	11793293.08	-3112090.165	334.419	64.033	24.0764	223.157625	153.5896	5156.1953	78.1346	1969.97	321.2388	194.7824	14.008	9647.904767
AND	Andaman Is.	ASIA-TROPICAL	2.114347826	1	19349.856	34.56086	OWEast	IndoMalay	8952075.257	1554429.397	2922.9719	75.5446	69.7407	265.5384917	258.3032	669.7572	224.0162	15579	2811.7681	253.9907	107.756	17854.553
ASS	Assam	ASIA-TROPICAL	2.375609756	1	55290.57295	32.85338	OWEast	IndoMalay	8958665.048	3145187.498	2500.3132	85.664	50.0547	225.1418167	168.6252	3721.4417	95.2841	9476.54	2623.05	197.0592	-122.6883	55290.57295
BAN	Bangladesh	ASIA-TROPICAL	3.238	1	72067.90574	30.30279	OWEast	IndoMalay	8710329.06	2953758.353	2224.9278	91.387	34.0618	255.0166167	198.5226	3605.0608	120.984	5894.06	2134.7151	232.9697	96.2046	69653.435
BOR	Borneo	ASIA-TROPICAL	2.041816547	1	53075.06879	38.27726	OWEast	IndoMalay	11018599.57	110314.8227	3011.2395	22.4148	542.6224	255.4750167	251.3173	293.2633	213.1612	10057.7	2398.5601	228.6644	610.3823	53075.06879
CBD	Cambodia	ASIA-TROPICAL	2.779166667	1	63641.05214	40.96129	OWEast	IndoMalay	10123379.77	1608336.662	1778.8338	78.9617	35.7196	267.232125	248.4871	1342.3151	189.1726	8671.31	1449.3136	251.4845	331.3911	61376.664
CHC	China South-Central	ASIA-TEMPERATE	2.150961538	1	40092.29726	38.38249	OWEast	IndoMalay	10092822.29	3479508.38	1065.5115	78.1687	50.0197	127.5837583	43.1043	6180.397	-22.3057	6052.79	1219.0316	92.3827	-153.5525	32475.535
CHH	Hainan	ASIA-TEMPERATE	2.205357143	1	15847.13203	44.26282	OWEast	IndoMalay	10588533.69	2404879.611	1487.6838	71.6061	71.6304	240.193225	190.0993	3469.6367	144.2976	8924.54	1490.1686	220.3407	-5.953	15847.13203
CHS	China Southeast	ASIA-TEMPERATE	1.873809524	1	13715.19748	35.86392	OWEast	IndoMalay	11034741.58	3422094.406	1367.7538	61.5498	123.0695	174.1155583	72.3984	7567.0381	21.2718	5835.85	1322.326	132.6755	45.5195	13715.19748
EHM	East Himalaya	ASIA-TROPICAL	2.320689655	1	50924.11698	44.83478	OWEast	IndoMalay	8962388.071	3409075.729	1755.7704	93.8096	34.7641	128.5977083	60.9972	4875.5405	-19.3451	8721.46	1742.0588	98.9844	13.3514	50924.11698
IND	India	ASIA-TROPICAL	2.569047619	1	59367.98921	36.90941	OWEast	IndoMalay	7563260.31	2678426.611	1014.1923	121.7629	17.3357	259.4600917	199.604	4360.5381	119.3868	3889.88	1027.95	235.4677	-13.0472	59367.98921
JAW	Jawa	ASIA-TROPICAL	2.469111111	1	43675.96018	33.42435	OWEast	IndoMalay	10620685.84	-927252.2543	2510.2398	55.0127	235.952	249.6198417	242.9529	488.5873	187.7777	9836.28	2119.1335	233.391	387.627	43675.96018
LAO	Laos	ASIA-TROPICAL	2.552884615	1	48211.8451	38.09816	OWEast	IndoMalay	10013495.31	2316230.237	1888.7443	93.0613	40.2324	228.2782083	189.6126	2600.627	115.3663	11517.1	1535.9379	208.5966	352.8188	46797.24
MLY	Malaya	ASIA-TROPICAL	2.116101322	1	63464.25011	38.03227	OWEast	IndoMalay	9858902.193	513119.6319	2551.1473	35.0634	408.8245	257.5492917	250.3106	504.3636	205.0675	11393	1756.2777	242.0339	795.3376	63464.25011
MYA	Myanmar	ASIA-TROPICAL	2.63825	1	39330.60777	37.23723	OWEast	IndoMalay	9312068.924	2622915.891	1985.5592	91.4048	28.7145	231.354125	187.0165	2993.9775	106.8633	8403.67	2143.3472	211.2574	-147.2742	39330.60777
NCB	Nicobar Is.	ASIA-TROPICAL	2.352941176	1	23375.941	35.46716	OWEast	IndoMalay	9031318.842	954859.1428	2350.166	39.4886	246.5205	270.1078417	263.3745	506.0182	239.7111	15114.3	2719.2676	256.7957	-356.2184	23375.941
NEP	Nepal	ASIA-TROPICAL	2.220833333	1	59350.49286	43.92072	OWEast	IndoMalay	8100386.091	3462117.649	1376.0649	99.801	45.3857	141.1571083	72.2216	4820.3716	4.7283	6834.05	1302.9529	113.4203	72.9226	59350.49286
NNS	Nansei-shoto	ASIA-TEMPERATE	4.4	1	57904.76667	41.0126	OWEast	IndoMalay	12223458.6	3179538.04	2196.8335	27.4455	386.9017	224.6354667	168.918	4250.2798	134.4688	14938.2	2151.0327	195.478	42.9767	53686.535
PAK	Pakistan	ASIA-TROPICAL	3.883333333	1	30416.64222	48.21357	OWEast	IndoMalay	6631716.504	3573550.431	261.0737	92.0309	17.7751	222.59705	121.1087	7303.4468	33.0785	1747.68	343.4865	191.8666	-82.5276	30416.64222
PHI	Philippines	ASIA-TROPICAL	2.210892857	1	14526.68542	33.89936	OWEast	IndoMalay	11857234.83	1478916.819	2550.3764	50.5481	266.9948	254.192925	243.1996	791.2939	199.2553	10074.6	2785.8911	230.7763	-233.2433	14526.68542
SRL	Sri Lanka	ASIA-TROPICAL	3.46	1	88055.79931	39.07938	OWEast	IndoMalay	7786880.616	967990.7087	1881.0284	65.6317	187.6699	265.0320083	249.2907	1096.8612	210.2002	9678.57	1454.3324	248.6452	423.9421	88055.79931
SUM	Sumatera	ASIA-TROPICAL	2.228571429	1	50507.4654	39.86181	OWEast	IndoMalay	9806885.413	-60845.74603	2632.1801	30.0519	407.5791	254.4515417	250.3901	323.113	203.743	11461.1	1947.2146	237.2052	684.5722	50507.4654
TAI	Taiwan	ASIA-TEMPERATE	1.888888889	1	16532.80746	35.80019	OWEast	IndoMalay	11670787.91	2944999.937	2522.6184	70.3019	181.2284	190.7382417	142.004	3564.1514	98.4219	10077.5	2461.468	143.6191	46.8764	16532.80746
THA	Thailand	ASIA-TROPICAL	2.411377246	1	36928.37902	41.93768	OWEast	IndoMalay	9746459.814	1898813.509	1493.8571	79.5856	48.706	261.1351417	233.5556	1877.5359	159.395	8060.62	1264.5712	245.787	232.0038	36928.37902
VIE	Vietnam	ASIA-TROPICAL	2.052475248	1	63988.98471	38.08953	OWEast	IndoMalay	10259091.52	2075670.855	1793.4388	80.7094	65.2141	234.164925	194.871	2787.3057	145.0526	9666.59	1515.5424	214.6428	278.8588	63988.98471
WHM	West Himalaya	ASIA-TROPICAL	1.875	1	54931.07803	44.8001	OWEast	IndoMalay	7400867.125	4013551.336	691.3101	62.4951	59.925	43.91680833	-61.1464	7820.0918	-122.9369	4940.88	829.1232	7.4462	-138.0062	54931.07803
XMS	Christmas I.	ASIA-TROPICAL	1.9	1	8333.333333	41.61111	OWEast	IndoMalay	10198956.65	-1325217.53	1917.5967	59.5645	108.5484	254.6317167	245.9355	569.3387	223.6129	15260.1	1795.3138	239.7518	57.0323	8333.333333
ALA	Alabama	NORTHERN AMERICA	1.616666667	1	9058.492282	40.8866	NewWorld	Nearctic	-8377890.491	3961523.217	1445.9321	19.6753	274.8662	169.6384417	75.3952	7062.312	2.5529	6658.74	1693.4501	34.7098	-247.5753	9058.492282
ARI	Arizona	NORTHERN AMERICA	1.4	1	13963.79971	46.35209	NewWorld	Nearctic	-10773225.91	4120112.905	320.6145	49.2712	30.4446	150.1526917	56.9123	7527.0928	-24.1694	1769.61	587.5712	66.2018	-266.9699	13963.79971
ARK	Arkansas	NORTHERN AMERICA	0.8	1	9109.450667	37.79106	NewWorld	Nearctic	-8919596.202	4186449.603	1263.4662	18.317	255.9293	156.9042	48.2229	8084.8101	-25.1837	5469.65	1785.1471	-42.5277	-521.7299	9109.450667
CAL	California	NORTHERN AMERICA	1.4	1	13387.77783	48.15946	NewWorld	Nearctic	-11531954.2	4417285.154	543.4177	70.028	20.3647	136.2450667	60.5611	6283.4893	-6.4458	3978.64	989.4715	100.9796	-446.2462	13387.77783
FLA	Florida	NORTHERN AMERICA	1.492307692	1	11770.34347	53.06111	NewWorld	Nearctic	-7956616.186	3504145.439	1348.5449	43.8293	195.3804	213.0033667	147.6327	4840.4814	77.629	9708.75	1165.4214	153.6807	182.758	11770.34347
GEO	Georgia	NORTHERN AMERICA	1.716666667	1	9058.492282	45.30209	NewWorld	Nearctic	-8050969.866	3946500.29	1283.275	21.5144	236.5005	174.3038083	84.5605	6735.4653	12.0006	7503.57	1422.2817	58.3039	-139.3359	9058.492282
LOU	Louisiana	NORTHERN AMERICA	1.425	1	11824.61657	38.32074	NewWorld	Nearctic	-8878048.752	3775439.242	1465.1573	16.6906	295.3871	188.9969	99.859	6629.1133	31.1223	7287.43	2045.8457	39.3994	-583.3873	11824.61657
MSI	Mississippi	NORTHERN AMERICA	1.616666667	1	11712.96057	39.49062	NewWorld	Nearctic	-8652366.622	3957183.894	1453.9646	19.7805	268.0921	173.2280333	77.5122	7171.3193	6.3718	6719.28	1918.5511	17.8518	-464.7911	11712.96057
MXE	Mexico Northeast	NORTHERN AMERICA	1.246363636	1	12108.88984	42.75272	NewWorld	Nearctic	-9939943.507	3178776.224	525.4375	82.947	33.1946	183.8665583	120.7364	4627.6963	32.923	4651.35	714.85	142.9822	-188.612	12108.88984
MXN	Mexico Northwest	NORTHERN AMERICA	1.686363636	1	2331.406253	47.99826	NewWorld	Nearctic	-10742947.05	3480488.746	361.929	89.9585	13.0726	208.7869583	146.3584	4983.5469	62.2073	3016.2	588.994	169.7707	-230.2351	2331.406253
NCA	North Carolina	NORTHERN AMERICA	0.95	1	8325.648578	43.85613	NewWorld	Nearctic	-7659056.213	4255492.528	1260.7374	16.4008	261.5486	147.6240083	49.9967	7353.8193	-20.0856	7427.27	1439.8611	13.1543	-179.5788	8325.648578
OKL	Oklahoma	NORTHERN AMERICA	0.8	1	2940.208347	35.13372	NewWorld	Nearctic	-9407670.437	4258194.504	864.9717	39.4833	117.4576	153.7473917	38.2709	8718.5215	-42.8294	4332.15	1297.666	-28.9468	-432.6675	2940.208347
SCA	South Carolina	NORTHERN AMERICA	1.4875	1	9058.492282	46.45948	NewWorld	Nearctic	-7805498.635	4083381.937	1237.7616	20.6686	241.4407	168.3278833	75.0599	7042.4395	3.3704	7364.7	1421.2173	44.7729	-183.7025	9058.492282
TEX	Texas	NORTHERN AMERICA	1.125	1	4801.048396	38.94675	NewWorld	Nearctic	-9585288.112	3815298.381	693.1776	43.0013	107.873	181.0180917	83.4563	7277.3159	1.1057	4364.93	1020.2613	49.2816	-326.6727	4801.048396
AGE	Argentina Northeast	SOUTHERN AMERICA	2.072222222	1	86687.40909	48.4924	NewWorld	Neotropics	-5905610.404	-3910806.241	865.2147	41.4994	104.3043	176.511525	115.368	4783.3511	49.7695	6092.93	879.1235	143.4748	-13.9477	86687.40909
AGW	Argentina Northwest	SOUTHERN AMERICA	1.05	1	67923.88571	58.72051	NewWorld	Neotropics	-6398651.514	-3538812.276	395.1399	75.698	20.9192	146.2130083	84.3727	4648.105	2.4077	3659.31	409.4673	110.8526	-14.3111	67923.88571
BAH	Bahamas	SOUTHERN AMERICA	1.427777778	1	6761.183333	42.65654	NewWorld	Neotropics	-7379381.122	2991044.931	1043.1108	54.7133	113.3606	251.600275	220.4866	2331.9294	181.7657	12389.4	798.149	227.6978	242.0049	6761.183333
BLZ	Belize	SOUTHERN AMERICA	1.83025641	1	16131.71	36.21793	NewWorld	Neotropics	-8556716.839	2164161.333	2049.5714	53.4743	173.8355	248.1384	225.9991	1571.2899	179.3671	10956.5	2314.2791	226.9743	-272.287	16131.71
BOL	Bolivia	SOUTHERN AMERICA	2.955822785	1	88171.10526	49.09533	NewWorld	Neotropics	-6240407.203	-2094955.191	1149.4767	75.7812	80.6597	204.1818083	174.8749	1976.5109	94.7303	5573.74	1143.625	173.3208	5.9013	88171.10526
BZC	Brazil West-Central	SOUTHERN AMERICA	3.563962264	1	96566.65283	49.18261	NewWorld	Neotropics	-5239575.512	-1917581.624	1654.7301	70.003	55.0556	244.6670333	225.7932	1251.6794	146.1126	5186.43	1451.2136	215.5218	203.539	96566.65283
BZE	Brazil Northeast	SOUTHERN AMERICA	3.8195	1	101233.3956	53.22214	NewWorld	Neotropics	-4026549.239	-1090987.589	1008.9169	79.1129	43.0435	248.3979917	234.2543	1025.63	174.4393	5329.13	957.2754	215.9462	53.0408	101233.3956
BZL	Brazil Southeast	SOUTHERN AMERICA	3.831515152	1	98906.6587	49.85788	NewWorld	Neotropics	-4386520.132	-2461682.954	1284.4091	73.2432	66.4751	215.31255	187.8247	1897.6797	115.0789	7104.79	1314.9072	179.4572	-29.8317	98906.6587
BZN	Brazil North	SOUTHERN AMERICA	3.219171975	1	76478.05778	45.80859	NewWorld	Neotropics	-5716995.352	-585822.5237	2246.9109	53.5159	207.3689	259.9939667	253.9615	462.2857	195.8074	8662.3	1440.0931	239.7261	807.0668	76478.05778
BZS	Brazil South	SOUTHERN AMERICA	2.646666667	1	80600.18298	44.63923	NewWorld	Neotropics	-5040983.085	-3376062.25	1577.7593	18.3587	323.6105	185.006575	143.5895	3200.6411	84.183	9760.28	1323.6235	157.2038	254.0367	80600.18298
CAY	Cayman Is.	SOUTHERN AMERICA	3.366666667	1	25813.253	40.11111	NewWorld	Neotropics	-7798966.286	2432859.226	1339.2019	57.028	105.2205	263.9881	245.4006	1345.7795	202.559	15877.7	1233.8762	239.3317	98.9099	25813.253
CLC	Chile Central	SOUTHERN AMERICA	3.75	1	87743.92667	55.7031	NewWorld	Neotropics	-6897254.203	-4180033.121	865.2652	87.3538	51.9696	106.1971417	60.1473	3666.8171	9.4522	8417.42	1185.7874	78.7298	-320.8112	87743.92667
CLM	Colombia	SOUTHERN AMERICA	2.95	1	58370.94167	42.54506	NewWorld	Neotropics	-7050573.344	494583.3777	2670.6188	42.2414	322.6031	245.7757167	237.8664	565.5339	190.8496	9887.1	2165.3972	224.4493	505.6447	58370.94167
COS	Costa Rica	SOUTHERN AMERICA	1.670353982	1	16132.66	32.87201	NewWorld	Neotropics	-8122983.517	1265495.025	2969.3934	57.8959	234.1171	234.6302083	226.0635	694.6725	174.54	9434.22	2432.0737	216.0831	538.9172	16132.66
CUB	Cuba	SOUTHERN AMERICA	2.190114943	1	27380.36667	32.68584	NewWorld	Neotropics	-7624461.358	2693739.889	1331.4251	59.5545	109.3175	250.2716833	223.487	1886.2981	167.0317	9574.96	1063.1346	227.2442	267.2064	27380.36667
DOM	Dominican Republic	SOUTHERN AMERICA	2.069090909	1	22763.39167	39.42471	NewWorld	Neotropics	-6800853.492	2367679.913	1366.5316	43.5999	168.8491	239.827725	221.412	1277.7266	162.1447	11308.8	880.1769	215.7032	486.4282	22763.39167
ECU	Ecuador	SOUTHERN AMERICA	2.34761194	1	57222.9	42.40308	NewWorld	Neotropics	-7563839.236	-185152.2991	2040.7311	49.4803	308.4297	208.5377667	201.2064	529.4907	152.1799	9982.81	1805.6804	191.2352	232.0734	57222.9
ELS	El Salvador	SOUTHERN AMERICA	2.247692308	1	48877.37778	35.73594	NewWorld	Neotropics	-8574279.162	1736003.49	1839.6918	92.0335	13.7531	243.509625	233.8568	823.526	165.837	11194.6	1813.9515	224.7998	25.338	48877.37778
FRG	French Guiana	SOUTHERN AMERICA	3.089354839	1	85076.37	40.9882	NewWorld	Neotropics	-5137050.546	500088.7259	2696.7326	45.7286	260.0917	253.9722417	247.2973	508.8979	203.8441	9736.19	2362.7993	223.4387	334.1948	85076.37
GUA	Guatemala	SOUTHERN AMERICA	1.554925373	1	26131.71	37.2077	NewWorld	Neotropics	-8718323.129	1977858.307	1996.5117	67.7846	128.6212	229.1275667	210.1463	1312.9368	154.2216	12202.5	2137.1658	209.1328	-140.801	26131.71
GUY	Guyana	SOUTHERN AMERICA	2.794107143	1	65076.37	42.925	NewWorld	Neotropics	-5690099.656	609785.8255	2030.7166	51.3412	254.5915	260.0233917	253.3295	568.0574	210.4887	10830.4	1816.1357	232.3088	215.2711	65076.37
HAI	Haiti	SOUTHERN AMERICA	2.233461538	1	32763.39167	40.54069	NewWorld	Neotropics	-7013058.539	2373148.717	1529.7696	52.3305	143.2013	238.9592917	222.0015	1172.286	160.8903	11527.4	930.8151	215.3994	594.874	32763.39167
HON	Honduras	SOUTHERN AMERICA	1.809344262	1	16131.71	39.88749	NewWorld	Neotropics	-8357768.672	1869330.081	1726.6816	59.648	128.3273	235.8470667	216.2655	1349.1674	162.0059	12226	1628.6285	216.7065	102.8732	16131.71
JAM	Jamaica	SOUTHERN AMERICA	1.904	1	18557.56	37.21918	NewWorld	Neotropics	-7460274.47	2278040.632	1848.2108	47.6011	217.8139	238.8567333	225.0001	991.414	186.4057	13789.4	1306.4054	213.5976	534.3525	18557.56
JNF	Juan Fernßndez Is.	SOUTHERN AMERICA	2.5	1	34731.2325	52.75862	NewWorld	Neotropics	-7674245.148	-4057185.919	996.4888	60.6573	90.9382	153.4747167	124.4719	2427.5225	81.191	10573.8	1129.509	132.6216	-133.073	34731.2325
LEE	Leeward Is. AB Ant	SOUTHERN AMERICA	2.2875	1	33397.9	38.79118	NewWorld	Neotropics	-6009729.027	2127600.161	1605.2521	34.3449	221.4542	253.5933667	237.5461	1117.4757	199.4475	15760.2	1300.1169	232.4408	258.0883	33397.9
MXC	Mexico Central	NORTHERN AMERICA	1.18125	1	9690.665038	38.82846	NewWorld	Neotropics	-9512151.602	2396274.638	980.9923	88.888	41.7135	173.2674917	147.1516	1862.5056	57.4543	8862.54	1105.3156	144.9452	-124.2304	9690.665038
MXG	Mexico Gulf	NORTHERN AMERICA	1.565555556	1	9000.776793	34.68918	NewWorld	Neotropics	-9300733.316	2423947.208	1716.069	72.5808	124.5163	238.8157667	202.6628	2532.7463	147.106	10691.5	1869.9927	209.7025	-154.8597	9000.776793
MXS	Mexico Southwest	NORTHERN AMERICA	1.733829787	1	4057.833551	41.22264	NewWorld	Neotropics	-9713666.775	2359019.498	1156.298	103.3758	28.7025	216.5457	191.8965	1778.2451	107.977	9164.69	1223.6971	192.8345	-68.3702	4057.833551
MXT	Mexico Southeast	NORTHERN AMERICA	1.559051724	1	5341.244338	35.93258	NewWorld	Neotropics	-8739084.772	2318392.843	1531.0793	66.2779	112.9689	250.2499333	224.1109	1813.9644	160.1569	10730.2	1830.5253	225.574	-301.942	5341.244338
NIC	Nicaragua	SOUTHERN AMERICA	1.918787879	1	19234.23333	31.76956	NewWorld	Neotropics	-8204747.816	1623980.418	2290.6145	66.468	131.0653	250.6029667	238.4051	864.3899	189.0832	9705.2	2046.6044	229.4682	246.4963	19234.23333
PAN	Panama	SOUTHERN AMERICA	1.902913386	1	32089.3	32.309	NewWorld	Neotropics	-7729407.475	1081046.082	2567.1892	59.8931	135.1076	250.3802333	243.7748	546.9352	198.6868	9169.24	2739.9966	235.2307	-174.3113	32089.3
PAR	Paraguay	SOUTHERN AMERICA	2.611428571	1	58293.27407	50.52703	NewWorld	Neotropics	-5635963.682	-2880147.332	1080.7606	43.3175	133.4229	234.0157583	189.1576	3313.2583	122.1156	4117.62	923.8073	204.6704	156.972	58293.27407
PER	Peru	SOUTHERN AMERICA	3.308148148	1	80727.50732	48.2494	NewWorld	Neotropics	-7178030.232	-1153965.985	1562.1031	56.7586	216.94	191.8574333	178.8897	900.2469	107.5996	8366.86	1403.7069	170.3772	157.1306	80727.50732
PUE	Puerto Rico	SOUTHERN AMERICA	1.85	1	17984.7	39.27142	NewWorld	Neotropics	-6413068.737	2286496.023	1816.9513	38.4915	230.5977	242.1755167	225.2606	1214.7717	170.4735	12324.1	1277.2843	219.3615	524.7122	17984.7
SUR	Surinam	SOUTHERN AMERICA	3.015964912	1	65076.37	42.12048	NewWorld	Neotropics	-5394704.305	525772.3207	2250.3608	49.1542	220.8378	263.0556417	255.6507	653.6817	214.3038	9411.54	2150.521	230.7843	99.8125	65076.37
SWC	Southwest Caribbean	SOUTHERN AMERICA	1.1	1	6296.766667	43.25912	NewWorld	Neotropics	-8213537.172	1944177.006	2299.104	66.144	198.728	263.9573333	245.196	1241.324	206.612	12972.6	2272.1057	244.9056	71.392	6296.766667
TCI	Turks-Caicos Is.	SOUTHERN AMERICA	2.5	1	39582.64	42.75731	NewWorld	Neotropics	-6935627.224	2717171.752	680.9032	43.3985	108.4236	259.3874917	237.2592	1710.2128	202.5222	13927.9	454.8621	238.7051	226.1373	39582.64
TRT	Trinidad-Tobago	SOUTHERN AMERICA	2.99047619	1	69410.27778	37.02511	NewWorld	Neotropics	-5910052.604	1328207.974	2074.7099	44.3713	213.1716	257.3692833	247.6127	634.2635	201.5574	13243.9	2219.2986	231.2407	-145.9254	69410.27778
URU	Uruguay	SOUTHERN AMERICA	2.607142857	1	70301.95854	44.30804	NewWorld	Neotropics	-5404738.005	-3962381.11	1220.0032	13.1736	259.8215	175.1952833	120.6576	4391.5259	66.1628	7077.88	1004.2684	150.4451	215.709	70301.95854
VEN	Venezuela	SOUTHERN AMERICA	2.637864078	1	70509.92703	44.87365	NewWorld	Neotropics	-6383890.548	903589.8219	1942.052	60.2252	152.4303	255.90845	248.559	561.9072	194.7048	9815.26	1348.24	236.417	593.2458	70509.92703
WIN	Windward Is.	SOUTHERN AMERICA	2.415	1	20100.56757	33.23	NewWorld	Neotropics	-5885218.245	1779735.374	2208.9374	38.6282	287.5216	247.7458417	234.6365	898.6023	194.7355	17745.8	1875.8999	223.8924	321.6072	20100.56757
COO	Cook Is.	PACIFIC	2.35	1	34731.25	40.45238	NewWorld	Oceania	-15321331.79	-2582240.337	2038.4304	36.6065	315.5278	241.69445	223.4769	1436.0648	196.2824	14332.5	3108.7126	227.3603	-1095.787	34731.25
CRL	Caroline Is.	PACIFIC	4.0575	1	44025.5345	28.26458	OWEast	Oceania	14156918.38	917332.803	4255.0856	20.0081	777.9863	269.7627	267.2772	183.6446	231.1329	14220.2	4322.2412	255.8	-166.6729	44025.5345
CTM	Chatham Is.	AUSTRALASIA	1.3	1	4731.295	56.60228	OWEast	Oceania	-17030146.3	-5084714.718	938.4941	22.6794	184.91	112.0514167	81.1312	2469.9546	49.1101	16270.5	693.9219	96.6843	240.5524	4731.295
FIJ	Fiji	PACIFIC	2.513043478	1	11619.3905	35.5237	OWEast	Oceania	15514595.52	-2193979.881	2567.4195	41.1563	343.2778	241.1942	224.4021	1241.9196	195.4105	15167.7	2923.968	225.0443	-384.244	11619.3905
HAW	Hawaii	PACIFIC	3.210869565	1	14706.3125	40.78292	NewWorld	Oceania	-15087896.31	2533127.508	1709.9573	34.6634	292.5613	182.7378667	167.1754	1231.6522	121.1654	13963.2	1405.1193	174.634	305.7055	14706.3125
MRN	Marianas	PACIFIC	1.125	1	3150.6	43.06078	OWEast	Oceania	14009200.9	1876756.524	2210.2215	50.3105	271.4934	264.7355	255.7224	569.8353	227.5807	14755.2	4702.5806	252.1339	-2660.3838	3150.6
MRQ	Marquesas	PACIFIC	2.5	1	47312.565	43.42822	NewWorld	Oceania	-13468241.06	-1189441.233	1367.5966	28.6014	230.5138	250.5128				15709.4	2050.689	241.5721	-698.1594	47312.565
NWC	New Caledonia	PACIFIC	1.994166667	1	1758.104167	46.99026	OWEast	Oceania	15984779.16	-2655664.69	1619.962	44.5139	216.1488	218.3907333	188.7744	2241.6248	148.8329	12237.2	1350.8657	196.879	274.4574	1758.104167
NZN	New Zealand North	AUSTRALASIA	1.3	1	4700.3125	50.67356	OWEast	Oceania	16954527.69	-4561183.816	1617.7979	18.1893	322.5815	126.1758083	82.4355	3378.5037	36.6749	14131.8	1137.9276	100.2743	476.2667	4700.3125
NZS	New Zealand South	AUSTRALASIA	1.3	1	3106.854624	56.83148	OWEast	Oceania	16452989.35	-5084847.047	1694.6089	13.8016	361.0711	85.04896667	33.8379	3786.7017	-11.4289	8557.06	1547.7229	57.5181	135.5287	3106.854624
OGA	Ogasawara-shoto	ASIA-TEMPERATE	2.25	1	15397.24809	55.06667	OWEast	Oceania	13712423.61	3322237.204	1350.5238	26.1111	201.6667	228.1534333	179.1746	3662.873	150.6349	13085.8	1453.4951	206.8835	-105.873	13546.646
SAM	Samoa	PACIFIC	4.089285714	1	40895	32.89418	OWEast	Oceania	-16598763.33	-1743529.645	3835.3866	41.7211	488.4552	245.9939333	239.4436	427.8491	215.1258	15637	5270.0352	234.2381	-1498.1071	40895
SCZ	Santa Cruz Is.	PACIFIC	4.94	1	31267.1	36.23037	OWEast	Oceania	16038299.15	-1393841.087	4779.4719	11.5065	1054.9381	260.5601833	253.4086	456.0978	225.4	14176.6	5936.9028	248.6864	-1202.3267	31267.1
SOL	Solomon Is.	ASIA-TROPICAL	2.616447368	1	590	31.51783	OWEast	Oceania	15276858.78	-1034940.432	3278.6606	23.5255	653.1301	252.9757833	246.3578	431.8232	212.1676	14044.6	3527.4871	236.6826	-251.8594	590
TOK	Tokelau-Manihiki	PACIFIC	0.95	1	4731.8425	35	NewWorld	Oceania	-15886723.81	-1240603.145	2472	32.35	415.8	275.5916667	272.1	255.9	243.7	10803.2	2904.1707	263.1951	-659.6	4731.8425
TON	Tonga	PACIFIC	3.525	1	17312.962	43.02699	OWEast	Oceania	-16868016.99	-2496549.768	1844.1112	31.5806	305.9	239.9271833	220.5292	1498.8472	192.4444	14200.3	2011.1912	221.6985	-171.6792	17312.962
TUA	Tuamotu	PACIFIC	2.375	1	4731.8425	45.87981	NewWorld	Oceania	-14016204.35	-2017619.838	1577.7227	38.9022	215.663	265.8962455				9423.9	2200.9917	255.1139	-627.0761	4731.8425
VAN	Vanuatu	PACIFIC	3.572222222	1	12205.7	36.72329	OWEast	Oceania	16180739.12	-2038093.672	2632.3738	35.4459	400.4848	236.8452583	221.6763	1129.0815	189.511	16303.5	3128.6968	219.9866	-509.1913	12205.7
WAL	Wallis-Futuna Is.	PACIFIC	7	1	4731.8425	39.98936	OWEast	Oceania	-17091765.62	-1741837.064	3235.1755	24.1069	527.9771	267.7271167	260.542	463.7863	234.4504	13676.5	3966.3762	254.1422	-739.458	4731.8425
ALG	Algeria	AFRICA	2.23	1	27212.84946	42.22218	OWWest	Palearctic	254472.4283	3425082.508	79.9964	66.9825	6.1152	229.4684917	131.4124	7508.1387	50.4962	2043.96	126.1846	213.5089	-46.1239	27212.84946
BAL	Baleares	EUROPE	2.23	1	18866.24	40.13033	OWWest	Palearctic	279543.8745	4663445.719	587.5293	48.6946	50.5468	162.0914417	102.7507	5108.7637	62.6722	9895.35	691.1954	135.9776	-105.8708	18866.24
CHT	Tibet	ASIA-TEMPERATE	2.08	1	17981.59296	54.53968	OWEast	Palearctic	8506565.984	3839654.186	293.6396	107.0332	10.6006	-24.485825	-118.5102	7309.8481	-205.9183	946.724	249.9431	-55.4168	43.6717	17981.59296
CNY	Canary Is.	AFRICA	1.75	1	162534.569	43.40122	OWEast	Palearctic	-1512852.293	3472869.897	290.1087	86.3717	3.6446	174.5324833	141.9042	2817.6021	107.1896	8826.33	458.6339	160.6015	-172.1173	162534.569
EAI	East Aegean Is.	ASIA-TEMPERATE	1.5	1	8094.072222	41.89034	OWWest	Palearctic	2574834.75	4487545.212	706.7085	86.0629	16.3874	166.8277	97.0912	5824.8198	61.0273	5745.18	605.4345	134.2474	98.7034	8094.072222
EGY	Egypt	AFRICA	5.25	1	178850.5793	41.70087	OWWest	Palearctic	2860446.402	3230301.643	12.5036	43.0055	0.0218	221.690175	140.2079	5878.7417	57.4515	4635.52	44.4515	197.8508	-31.9135	178850.5793
FRA	France	EUROPE	2.23	1	23366.87617	41.28527	OWWest	Palearctic	236770.1471	5315961.866	816.9275	15.8959	168.6126	104.4435583	33.1214	5546.5928	-4.1468	6819.79	913.9269	49.2041	-96.9276	23366.87617
GST	Gulf States	ASIA-TEMPERATE	7	1	50113.214	48.82223	OWEast	Palearctic	5198249.602	2988246.968	74.1131	123.9848	0.2603	270.2638167	194.7596	5505.6187	131.8194	213.248	117.7292	229.7168	-43.6283	50113.214
IRN	Iran	ASIA-TEMPERATE	7	1	30986.93822	43.03589	OWEast	Palearctic	5247152.095	3918696.561	212.1381	85.2813	5.9265	169.4155667	62.2093	8167.2915	-10.0503	1374.44	244.7	127.7438	-32.5981	34857.432
IRQ	Iraq	ASIA-TEMPERATE	7	1	40459.43272	37.92863	OWEast	Palearctic	4224827.942	3984108.654	206.2619	87.5482	0.1036	214.493725	99.1296	8771.1943	32.746	776.033	243.8748	180.2421	-37.5786	40459.43272
ITA	Italy	EUROPE	2.23	1	20619.17609	37.57291	OWWest	Palearctic	1179939.316	5033898.654	863.682	28.0568	143.6187	115.0220833	35.3384	6339.3569	-3.9807	6422.04	934.8621	70.7769	-72.7514	20619.17609
JAP	Japan	ASIA-TEMPERATE	3	1	17282.43529	40.86965	OWEast	Palearctic	13300579.79	4438365.568	1691.1136	38.296	232.2407	105.0527833	-2.4253	8448.8096	-54.2894	7815.64	1051.1343	23.8704	643.5599	17282.43529
KRI	Kriti	EUROPE	1.5	1	1249851.417	39.95166	OWWest	Palearctic	2397221.778	4222545.098	769.9486	83.8193	12.3353	163.5514167	100.3197	5196.6304	68.6704	7706.24	627.3956	134.5166	139.4025	1249851.417
LBY	Libya	AFRICA	4.115	1	32859.16807	43.30957	OWWest	Palearctic	1741645.693	3312637.617	30.9719	49.7274	0.2043	216.6814833	130.1435	6251.1104	48.3378	1130.98	39.1463	200.1219	-8.0972	32859.16807
MOR	Morocco	AFRICA	2.23	1	25158.1995	41.05262	OWWest	Palearctic	-613201.1962	3858859.387	318.586	62.7192	13.7932	170.7353167	97.1225	5901.8403	26.9642	2587.74	708.7327	154.6282	-390.2192	25158.1995
OMA	Oman	ASIA-TEMPERATE	7	1	55011.214	44.57102	OWEast	Palearctic	5412476.436	2568597.697	59.21	95.5488	3.1237	263.0847167	205.0451	4134.2793	143.7023	1504.65	62.2427	227.4718	-2.929	55011.214
PAL	Palestine	ASIA-TEMPERATE	6	1	58157.2229	40.40488	OWEast	Palearctic	3509351.126	3801129.431	152.081	88.5716	0.0003	186.5592833	99.3474	6445.5527	35.1625	2161.14	217.9557	160.3291	-64.7079	58157.2229
POR	Portugal	EUROPE	2.23	1	15319.80171	48.00263	OWWest	Palearctic	-768603.4159	4672744.836	845.7685	56.2646	52.2389	149.4323417	89.7743	4864.3091	49.9544	6084.66	1275.3416	125.5968	-429.7627	15319.80171
SAR	Sardegna	EUROPE	2.23	1	1408696.85	50.87973	OWWest	Palearctic	878516.2782	4915534.51	730.5892	42.8001	73.9267	126.6793417	66.8716	5123.6445	36.0981	9624.56	780.1116	95.9107	-53.7894	1408696.85
SAU	Saudi Arabia	ASIA-TEMPERATE	4.05	1	2347.261793	46.90629	OWEast	Palearctic	4308007.396	2959712.924	94.0113	97.6426	1.7315	245.612025	158.2465	6460.2993	85.9102	605.52	132.7061	215.0607	-38.7275	2347.261793
SIC	Sicilia	EUROPE	2.23	1	20917.86021	37.66211	OWWest	Palearctic	1365035.034	4463429.834	518.7434	60.016	28.5502	156.580175	92.8559	5470.8306	58.4158	6286	515.5149	127.8169	2.9238	20917.86021
SIN	Sinai	ASIA-TEMPERATE	6.5	1	39020.9706	47.67743	OWWest	Palearctic	3258259.469	3624807.819	46.2592	80.8472	0.0103	188.61075	117.5672	5279.3828	59.1123	1259.86	78.6389	163.8009	-32.204	39020.9706
SPA	Spain	EUROPE	2.23	1	28673.07592	42.26112	OWWest	Palearctic	-343136.3533	4737686.214	614.3222	37.0192	80.0428	130.1395083	59.0264	5867.5928	12.6393	5102.4	942.689	104.7586	-327.6891	28673.07592
TUN	Tunisia	AFRICA	2.23	1	31410.31955	42.09021	OWWest	Palearctic	922720.0944	4099684.726	224.5003	54.022	14.9003	191.1198583	104.6075	6748.1187	44.8581	2665.3	289.3032	180.4649	-64.6212	31410.31955
TUR	Turkey	ASIA-TEMPERATE	1.5	1	11716.58577	37.41589	OWEast	Palearctic	3418125.125	4603198.238	591.9836	51.9941	45.2973	106.9453083	7.374	7669.9731	-44.5934	3505.09	500.0822	61.472	92.4697	11716.58577
YEM	Yemen	ASIA-TEMPERATE	3.24	1	34220.99129	46.42159	OWEast	Palearctic	4588700.443	1993687.468	116.7778	82.0721	6.3329	228.7627583	184.8407	3313.3989	116.6872	1755.59	188.2471	195.7934	-71.6518	34220.99129
